# test v1 10*300/2
|   vox1-test-0,1   |   4.7455    |   0.3056    |    0.4472     |    0.5173     | 20220825 18:34:09 |
|   vox1-test-0,1   |   4.5599    |   0.2972    |    0.4011     |    0.5732     | 20220825 18:36:31 |
|   vox1-test-0,1   |   4.6660    |   0.2971    |    0.4478     |    0.5682     | 20220825 18:38:57 |

|   vox1-test-1,2   |   4.4380    |   0.2574    |    0.3840     |    0.4754     | 20220825 18:41:23 |
|   vox1-test-1,2   |   4.3213    |   0.2534    |    0.3839     |    0.5507     | 20220825 18:43:47 |
|   vox1-test-1,2   |   4.6394    |   0.2544    |    0.4067     |    0.5572     | 20220825 18:45:49 |

|   vox1-test-2,3   |   5.2227    |   0.2750    |    0.4598     |    0.5416     | 20220825 18:48:14 |
|   vox1-test-2,3   |   4.8887    |   0.2772    |    0.4491     |    0.6312     | 20220825 18:50:38 |
|   vox1-test-2,3   |   5.2969    |   0.2893    |    0.4456     |    0.6310     | 20220825 19:46:06 |

|   vox1-test-3,4   |   5.8855    |   0.2944    |    0.5203     |    0.6403     | 20220825 19:48:14 |
|   vox1-test-3,4   |   5.6893    |   0.3004    |    0.5077     |    0.7472     | 20220825 19:50:19 |
|   vox1-test-3,4   |   5.7635    |   0.2868    |    0.5269     |    0.7147     | 20220825 19:52:23 |

|   vox1-test-4,5   |   7.4178    |   0.3767    |    0.5530     |    0.6703     | 20220825 19:54:26 |
|   vox1-test-4,5   |   6.7709    |   0.3491    |    0.5576     |    0.7890     | 20220825 19:56:33 |
|   vox1-test-4,5   |   7.7041    |   0.3537    |    0.5988     |    0.7669     | 20220825 19:58:35 |

|   vox1-test-5,6   |   7.3807    |   0.4323    |    0.5631     |    0.7023     | 20220825 20:00:37 |
|   vox1-test-5,6   |   7.2641    |   0.4192    |    0.5970     |    0.8107     | 20220825 20:02:42 |
|   vox1-test-5,6   |   9.2206    |   0.4955    |    0.6635     |    0.7770     | 20220825 20:04:46 |

|   vox1-test-6,7   |   8.0700    |   0.5273    |    0.6076     |    0.7205     | 20220825 20:06:47 |
|   vox1-test-6,7   |   7.6087    |   0.4955    |    0.5937     |    0.8265     | 20220825 20:08:52 |
|   vox1-test-6,7   |   8.7116    |   0.5560    |    0.6560     |    0.8259     | 20220825 20:10:59 |

|   vox1-test-7,8   |   8.3775    |   0.5448    |    0.6356     |    0.7754     | 20220825 20:13:04 |
|   vox1-test-7,8   |   8.2450    |   0.5256    |    0.6008     |    0.7889     | 20220825 20:15:07 |
|   vox1-test-7,8   |   8.5631    |   0.5820    |    0.6957     |    0.8419     | 20220825 20:17:28 |

|   vox1-test-8,9   |   8.1071    |   0.5222    |    0.6288     |    0.7959     | 20220825 20:19:34 |
|   vox1-test-8,9   |   8.1866    |   0.5245    |    0.6058     |    0.7651     | 20220825 20:21:33 |
|   vox1-test-8,9   |   8.2025    |   0.5282    |    0.6432     |    0.7818     | 20220825 20:23:36 |

|  vox1-test-9,10   |   7.9958    |   0.4787    |    0.5918     |    0.7647     | 20220825 20:25:46 |
|  vox1-test-9,10   |   8.1389    |   0.5291    |    0.6107     |    0.7576     | 20220825 20:27:53 |
|  vox1-test-9,10   |   8.4411    |   0.5206    |    0.6465     |    0.7228     | 20220825 20:30:00 |

|  vox1-test-10,11  |   8.0276    |   0.5067    |    0.6201     |    0.7541     | 20220825 20:31:58 |
|  vox1-test-10,11  |   8.5896    |   0.5494    |    0.6088     |    0.7428     | 20220825 20:33:57 |
|  vox1-test-10,11  |   8.4040    |   0.5110    |    0.6233     |    0.7380     | 20220825 20:36:02 |

|  vox1-test-11,12  |   7.8579    |   0.5174    |    0.6216     |    0.7533     | 20220825 20:38:05 |
|  vox1-test-11,12  |   8.5313    |   0.5620    |    0.6206     |    0.7336     | 20220825 20:40:10 |
|  vox1-test-11,12  |   9.2259    |   0.5864    |    0.6500     |    0.7820     | 20220825 20:42:28 |

|  vox1-test-12,13  |   7.6193    |   0.5218    |    0.6171     |    0.7435     | 20220825 20:44:31 |
|  vox1-test-12,13  |   8.4517    |   0.5714    |    0.6033     |    0.7557     | 20220825 20:46:38 |
|  vox1-test-12,13  |   9.0668    |   0.6014    |    0.6482     |    0.7706     | 20220825 20:48:56 |

|  vox1-test-13,14  |   7.8844    |   0.5233    |    0.6236     |    0.7203     | 20220826 10:35:20 |
|  vox1-test-13,14  |   8.5419    |   0.5542    |    0.6229     |    0.7732     | 20220826 10:39:02 |
|  vox1-test-13,14  |   9.0774    |   0.6115    |    0.6661     |    0.8122     | 20220826 10:40:54 |