|   vox1-test-0,4   |   2.6299    |   0.3211    |    0.2326     |    0.3740     | 20221209 17:38:53 |
|   vox1-test-0,4   |   2.3966    |   0.3233    |    0.2205     |    0.3510     | 20221209 17:41:53 |
|   vox1-test-0,4   |   2.4708    |   0.3321    |    0.2414     |    0.4090     | 20221209 17:44:53 |
|   vox1-test-4,8   |   5.2545    |   0.5688    |    0.4673     |    0.6071     | 20221209 17:47:49 |
|   vox1-test-4,8   |   5.3075    |   0.5616    |    0.4458     |    0.6872     | 20221209 17:50:46 |
|   vox1-test-4,8   |   5.5514    |   0.5626    |    0.4800     |    0.6457     | 20221209 17:53:43 |
|  vox1-test-8,12   |   5.8271    |   0.5261    |    0.5067     |    0.6323     | 20221209 17:56:42 |
|  vox1-test-8,12   |   5.7052    |   0.5230    |    0.4817     |    0.6127     | 20221209 17:59:39 |
|  vox1-test-8,12   |   5.4878    |   0.5337    |    0.4978     |    0.6428     | 20221209 18:02:33 |
|  vox1-test-12,16  |   5.2492    |   0.5142    |    0.4289     |    0.6248     | 20221209 18:05:27 |
|  vox1-test-12,16  |   4.3849    |   0.4706    |    0.3932     |    0.5593     | 20221209 18:08:27 |
|  vox1-test-12,16  |   4.4486    |   0.5192    |    0.4162     |    0.5103     | 20221209 18:11:24 |
|  vox1-test-16,20  |   7.0520    |   0.6191    |    0.5618     |    0.8098     | 20221209 18:14:28 |
|  vox1-test-16,20  |   7.9533    |   0.5810    |    0.5992     |    0.8086     | 20221209 18:17:28 |
|  vox1-test-16,20  |   7.3277    |   0.5772    |    0.5398     |    0.7203     | 20221209 18:20:26 |
|  vox1-test-20,24  |   8.2450    |   0.5683    |    0.6078     |    0.7336     | 20221209 18:23:25 |
|  vox1-test-20,24  |   8.7328    |   0.5047    |    0.5951     |    0.8191     | 20221209 18:26:25 |
|  vox1-test-20,24  |   8.3828    |   0.5594    |    0.6221     |    0.7544     | 20221209 18:29:23 |
|  vox1-test-24,28  |   8.4464    |   0.5671    |    0.6054     |    0.7926     | 20221209 18:32:18 |
|  vox1-test-24,28  |   8.1972    |   0.5164    |    0.5955     |    0.7506     | 20221209 18:35:09 |
|  vox1-test-24,28  |   6.9353    |   0.4992    |    0.5528     |    0.6946     | 20221209 18:38:05 |
|  vox1-test-28,32  |   10.8112   |   0.6323    |    0.6910     |    0.8679     | 20221209 18:40:58 |
|  vox1-test-28,32  |   13.7275   |   0.6762    |    0.7547     |    0.8339     | 20221209 18:43:55 |
|  vox1-test-28,32  |   12.0626   |   0.6160    |    0.7197     |    0.8379     | 20221209 18:46:48 |
|  vox1-test-32,36  |   10.9650   |   0.6605    |    0.7582     |    0.8455     | 20221209 18:49:42 |
|  vox1-test-32,36  |   11.3309   |   0.6782    |    0.7221     |    0.8288     | 20221209 18:52:39 |
|  vox1-test-32,36  |   8.6426    |   0.6340    |    0.6370     |    0.7681     | 20221209 18:55:36 |
|  vox1-test-36,40  |   10.6575   |   0.6422    |    0.7491     |    0.8460     | 20221209 18:58:33 |
|  vox1-test-36,40  |   11.0127   |   0.6377    |    0.7195     |    0.8092     | 20221209 19:01:30 |
|  vox1-test-36,40  |   9.0297    |   0.6387    |    0.6315     |    0.8064     | 20221209 19:04:27 |
|  vox1-test-40,44  |   10.5037   |   0.6370    |    0.7345     |    0.8520     | 20221209 19:07:25 |
|  vox1-test-40,44  |   9.8356    |   0.6309    |    0.7243     |    0.8405     | 20221209 19:10:23 |
|  vox1-test-40,44  |   9.0509    |   0.6114    |    0.6521     |    0.7670     | 20221209 19:13:20 |
|  vox1-test-44,48  |   8.9449    |   0.6871    |    0.7244     |    0.8214     | 20221209 19:16:13 |
|  vox1-test-44,48  |   9.0880    |   0.6261    |    0.6805     |    0.7957     | 20221209 19:19:05 |
|  vox1-test-44,48  |   10.0901   |   0.6492    |    0.7344     |    0.8609     | 20221209 19:21:54 |
|  vox1-test-48,52  |   9.4221    |   0.6790    |    0.7506     |    0.8362     | 20221209 19:24:46 |
|  vox1-test-48,52  |   8.9767    |   0.6660    |    0.7145     |    0.7769     | 20221209 19:27:33 |
|  vox1-test-48,52  |   10.8802   |   0.6825    |    0.7291     |    0.8553     | 20221209 19:30:21 |
|  vox1-test-52,56  |   7.8844    |   0.6645    |    0.6996     |    0.7860     | 20221209 19:33:08 |
|  vox1-test-52,56  |   8.6161    |   0.6526    |    0.6970     |    0.8080     | 20221209 19:36:01 |
|  vox1-test-52,56  |   8.4305    |   0.6381    |    0.6726     |    0.7601     | 20221209 19:38:52 |
|  vox1-test-56,60  |   7.6617    |   0.6656    |    0.6676     |    0.8007     | 20221209 19:41:46 |
|  vox1-test-56,60  |   8.1442    |   0.6522    |    0.6782     |    0.8080     | 20221209 19:44:36 |
|  vox1-test-56,60  |   8.0806    |   0.6029    |    0.6958     |    0.8082     | 20221209 19:47:31 |
|  vox1-test-60,64  |   6.9353    |   0.6327    |    0.6558     |    0.7583     | 20221209 19:50:23 |
|  vox1-test-60,64  |   7.0838    |   0.6077    |    0.5978     |    0.7454     | 20221209 19:53:15 |
|  vox1-test-60,64  |   7.6034    |   0.6055    |    0.6269     |    0.7272     | 20221209 19:56:09 |
|  vox1-test-64,68  |   6.6755    |   0.6485    |    0.6083     |    0.7168     | 20221209 19:59:03 |
|  vox1-test-64,68  |   7.0573    |   0.6602    |    0.5897     |    0.7537     | 20221209 20:01:57 |
|  vox1-test-64,68  |   6.8452    |   0.5970    |    0.5920     |    0.7153     | 20221209 20:04:51 |
|  vox1-test-68,72  |   6.8770    |   0.6702    |    0.5864     |    0.6619     | 20221209 20:07:44 |
|  vox1-test-68,72  |   5.6522    |   0.6121    |    0.5353     |    0.6389     | 20221209 20:10:36 |
|  vox1-test-68,72  |   6.2301    |   0.5788    |    0.5599     |    0.6821     | 20221209 20:13:30 |
|  vox1-test-72,76  |   6.8717    |   0.6507    |    0.5637     |    0.6151     | 20221209 20:16:23 |
|  vox1-test-72,76  |   5.9279    |   0.6248    |    0.5393     |    0.6223     | 20221209 20:19:16 |
|  vox1-test-72,76  |   5.9968    |   0.5902    |    0.5098     |    0.6791     | 20221209 20:22:11 |
|  vox1-test-76,80  |   5.9014    |   0.5651    |    0.5234     |    0.7116     | 20221209 20:25:04 |
|  vox1-test-76,80  |   5.3340    |   0.5741    |    0.4999     |    0.6418     | 20221209 20:27:58 |
|  vox1-test-76,80  |   4.9205    |   0.5760    |    0.4879     |    0.5694     | 20221209 20:30:52 |
|  vox1-test-80,84  |   5.4878    |   0.5334    |    0.5089     |    0.6674     | 20221209 20:33:44 |
|  vox1-test-80,84  |   5.2015    |   0.5982    |    0.4594     |    0.6058     | 20221209 20:36:35 |
|  vox1-test-80,84  |   4.8993    |   0.5746    |    0.4318     |    0.5118     | 20221209 20:39:25 |
|  vox1-test-84,88  |   5.1432    |   0.5074    |    0.4195     |    0.5106     | 20221209 20:42:14 |
|  vox1-test-84,88  |   4.7667    |   0.5188    |    0.4260     |    0.5902     | 20221209 20:45:04 |
|  vox1-test-84,88  |   4.8144    |   0.5497    |    0.4257     |    0.5473     | 20221209 20:47:58 |
|  vox1-test-88,92  |   4.8515    |   0.5511    |    0.3992     |    0.5442     | 20221209 20:50:56 |
|  vox1-test-88,92  |   4.4274    |   0.5399    |    0.3744     |    0.5004     | 20221209 20:53:55 |
|  vox1-test-88,92  |   4.4592    |   0.5641    |    0.3702     |    0.5618     | 20221209 20:56:52 |
|  vox1-test-92,96  |   4.2524    |   0.5173    |    0.3942     |    0.5308     | 20221209 20:59:51 |
|  vox1-test-92,96  |   4.0880    |   0.4983    |    0.3695     |    0.5243     | 20221209 21:02:52 |
|  vox1-test-92,96  |   4.0244    |   0.5108    |    0.3607     |    0.4398     | 20221209 21:05:50 |
| vox1-test-96,100  |   3.8653    |   0.4979    |    0.3717     |    0.5063     | 20221209 21:08:47 |
| vox1-test-96,100  |   3.9130    |   0.5066    |    0.3903     |    0.5595     | 20221209 21:11:45 |
| vox1-test-96,100  |   3.7487    |   0.4988    |    0.3554     |    0.4645     | 20221209 21:14:43 |
| vox1-test-100,104 |   3.7328    |   0.4709    |    0.3801     |    0.4133     | 20221209 21:17:42 |
| vox1-test-100,104 |   3.8335    |   0.4674    |    0.3392     |    0.4869     | 20221209 21:20:40 |
| vox1-test-100,104 |   3.5419    |   0.5037    |    0.3370     |    0.4548     | 20221209 21:23:39 |
| vox1-test-104,108 |   3.6850    |   0.4732    |    0.3444     |    0.4566     | 20221209 21:26:39 |
| vox1-test-104,108 |   3.5525    |   0.4867    |    0.3203     |    0.4716     | 20221209 21:29:31 |
| vox1-test-104,108 |   3.3086    |   0.4800    |    0.3002     |    0.3902     | 20221209 21:32:27 |
| vox1-test-108,112 |   3.7063    |   0.4717    |    0.3312     |    0.4192     | 20221209 21:35:23 |
| vox1-test-108,112 |   3.2874    |   0.4589    |    0.2812     |    0.3170     | 20221209 21:38:19 |
| vox1-test-108,112 |   3.6214    |   0.4919    |    0.3209     |    0.4322     | 20221209 21:41:15 |
| vox1-test-112,116 |   3.3351    |   0.4649    |    0.3186     |    0.4337     | 20221209 21:44:15 |
| vox1-test-112,116 |   3.0541    |   0.4683    |    0.2793     |    0.4396     | 20221209 21:47:13 |
| vox1-test-112,116 |   3.0064    |   0.4568    |    0.2757     |    0.3994     | 20221209 21:50:13 |
| vox1-test-116,120 |   2.7519    |   0.3948    |    0.2520     |    0.3453     | 20221209 21:53:12 |
| vox1-test-116,120 |   2.8049    |   0.3735    |    0.2318     |    0.3366     | 20221209 21:56:08 |
| vox1-test-116,120 |   2.7519    |   0.4054    |    0.2493     |    0.3218     | 20221209 21:59:06 |
| vox1-test-120,124 |   2.9056    |   0.3769    |    0.2607     |    0.3557     | 20221209 22:02:02 |
| vox1-test-120,124 |   2.9109    |   0.4039    |    0.2335     |    0.3679     | 20221209 22:05:02 |
| vox1-test-120,124 |   2.8473    |   0.4114    |    0.2741     |    0.3464     | 20221209 22:07:59 |
| vox1-test-124,128 |   3.2821    |   0.3983    |    0.2828     |    0.3358     | 20221209 22:10:58 |
| vox1-test-124,128 |   2.9268    |   0.4092    |    0.2503     |    0.3232     | 20221209 22:13:55 |
| vox1-test-124,128 |   2.6193    |   0.3905    |    0.2655     |    0.3339     | 20221209 22:16:54 |
| vox1-test-128,132 |   2.8261    |   0.3771    |    0.2340     |    0.3216     | 20221209 22:19:53 |
| vox1-test-128,132 |   2.6299    |   0.3772    |    0.2355     |    0.3205     | 20221209 22:22:51 |
| vox1-test-128,132 |   2.5504    |   0.3910    |    0.2484     |    0.3137     | 20221209 22:25:50 |
| vox1-test-132,136 |   2.8049    |   0.3952    |    0.2302     |    0.3359     | 20221209 22:28:37 |
| vox1-test-132,136 |   2.5504    |   0.3617    |    0.2262     |    0.2786     | 20221209 22:31:36 |
| vox1-test-132,136 |   2.7306    |   0.3920    |    0.2540     |    0.3421     | 20221209 22:34:35 |
| vox1-test-136,140 |   2.4602    |   0.4286    |    0.2440     |    0.3273     | 20221209 22:37:35 |
| vox1-test-136,140 |   2.5239    |   0.3641    |    0.2341     |    0.3356     | 20221209 22:40:35 |
| vox1-test-136,140 |   2.5981    |   0.3902    |    0.2386     |    0.3288     | 20221209 22:43:33 |
| vox1-test-140,144 |   2.3966    |   0.4074    |    0.2536     |    0.3186     | 20221209 22:46:33 |
| vox1-test-140,144 |   2.6352    |   0.3839    |    0.2266     |    0.3359     | 20221209 22:49:34 |
| vox1-test-140,144 |   2.4337    |   0.4250    |    0.2127     |    0.3590     | 20221209 22:52:29 |
| vox1-test-144,148 |   2.7625    |   0.4494    |    0.2645     |    0.3943     | 20221209 22:55:30 |
| vox1-test-144,148 |   2.5557    |   0.4281    |    0.2195     |    0.2841     | 20221209 22:58:31 |
| vox1-test-144,148 |   2.4973    |   0.4482    |    0.2138     |    0.3094     | 20221209 23:01:29 |
| vox1-test-148,152 |   2.5451    |   0.4006    |    0.2347     |    0.3562     | 20221209 23:04:27 |
| vox1-test-148,152 |   2.2216    |   0.3778    |    0.2148     |    0.3243     | 20221209 23:07:29 |
| vox1-test-148,152 |   2.3171    |   0.3961    |    0.2181     |    0.2983     | 20221209 23:10:29 |
| vox1-test-152,156 |   2.3807    |   0.3889    |    0.2218     |    0.3445     | 20221209 23:13:28 |
| vox1-test-152,156 |   2.1474    |   0.3575    |    0.1998     |    0.2845     | 20221209 23:16:30 |
| vox1-test-152,156 |   2.1527    |   0.3624    |    0.2064     |    0.2866     | 20221209 23:19:30 |
| vox1-test-156,160 |   2.1686    |   0.3036    |    0.1922     |    0.2849     | 20221209 23:22:29 |
| vox1-test-156,160 |   2.0573    |   0.3051    |    0.1846     |    0.3183     | 20221209 23:25:16 |
| vox1-test-156,160 |   2.1792    |   0.3062    |    0.1940     |    0.2717     | 20221209 23:28:15 |
| vox1-test-160,164 |   2.1686    |   0.2935    |    0.2008     |    0.3244     | 20221209 23:31:14 |
| vox1-test-160,164 |   2.0148    |   0.2941    |    0.1924     |    0.3118     | 20221209 23:34:12 |
| vox1-test-160,164 |   2.0414    |   0.2938    |    0.1887     |    0.3014     | 20221209 23:37:09 |