|   vox1-test-0,2   |   2.4231    |   0.3190    |    0.2166     |    0.3434     | 20221208 17:29:18 |
|   vox1-test-0,2   |   2.1951    |   0.3146    |    0.1854     |    0.2683     | 20221208 17:31:02 |
|   vox1-test-0,2   |   2.2853    |   0.3197    |    0.1892     |    0.3282     | 20221208 17:32:45 |
|   vox1-test-2,4   |   3.0965    |   0.3340    |    0.3016     |    0.4193     | 20221208 17:34:28 |
|   vox1-test-2,4   |   2.7306    |   0.3195    |    0.2634     |    0.3525     | 20221208 17:36:10 |
|   vox1-test-2,4   |   2.9745    |   0.3248    |    0.3020     |    0.4258     | 20221208 17:37:49 |
|   vox1-test-4,6   |   4.1198    |   0.4482    |    0.3751     |    0.5005     | 20221208 17:39:30 |
|   vox1-test-4,6   |   3.8759    |   0.4431    |    0.3555     |    0.5391     | 20221208 17:41:12 |
|   vox1-test-4,6   |   4.0880    |   0.4446    |    0.3537     |    0.5353     | 20221208 17:42:54 |
|   vox1-test-6,8   |   5.6204    |   0.5825    |    0.4662     |    0.6104     | 20221208 17:44:35 |
|   vox1-test-6,8   |   5.7211    |   0.5777    |    0.4955     |    0.6850     | 20221208 17:46:16 |
|   vox1-test-6,8   |   5.7635    |   0.5754    |    0.5236     |    0.7286     | 20221208 17:47:57 |
|  vox1-test-8,10   |   5.8855    |   0.5112    |    0.4975     |    0.6815     | 20221208 17:49:37 |
|  vox1-test-8,10   |   5.6999    |   0.4888    |    0.4645     |    0.6101     | 20221208 17:51:17 |
|  vox1-test-8,10   |   5.4401    |   0.4856    |    0.4773     |    0.6387     | 20221208 17:53:01 |
|  vox1-test-10,12  |   4.6394    |   0.4444    |    0.4385     |    0.6109     | 20221208 17:54:43 |
|  vox1-test-10,12  |   4.5758    |   0.4484    |    0.3701     |    0.5004     | 20221208 17:56:27 |
|  vox1-test-10,12  |   4.6129    |   0.4564    |    0.4251     |    0.5061     | 20221208 17:58:11 |
|  vox1-test-12,14  |   4.6925    |   0.4880    |    0.4038     |    0.5726     | 20221208 17:59:53 |
|  vox1-test-12,14  |   3.9661    |   0.4477    |    0.3765     |    0.5332     | 20221208 18:01:37 |
|  vox1-test-12,14  |   4.0880    |   0.4882    |    0.3802     |    0.4940     | 20221208 18:03:20 |
|  vox1-test-14,16  |   5.1007    |   0.5440    |    0.4413     |    0.6468     | 20221208 18:05:02 |
|  vox1-test-14,16  |   4.3054    |   0.4831    |    0.4177     |    0.5532     | 20221208 18:06:46 |
|  vox1-test-14,16  |   4.3955    |   0.5080    |    0.4019     |    0.5163     | 20221208 18:08:28 |
|  vox1-test-16,18  |   6.1241    |   0.5855    |    0.5130     |    0.7661     | 20221208 18:10:11 |
|  vox1-test-16,18  |   5.9915    |   0.5374    |    0.5048     |    0.7398     | 20221208 18:11:53 |
|  vox1-test-16,18  |   5.8908    |   0.5281    |    0.4585     |    0.6545     | 20221208 18:13:36 |
|  vox1-test-18,20  |   7.3489    |   0.5720    |    0.5915     |    0.8039     | 20221208 18:15:18 |
|  vox1-test-18,20  |   8.5313    |   0.5549    |    0.6267     |    0.7707     | 20221208 18:17:02 |
|  vox1-test-18,20  |   7.8632    |   0.5583    |    0.5607     |    0.6967     | 20221208 18:18:44 |
|  vox1-test-20,22  |   7.7996    |   0.5451    |    0.5902     |    0.7209     | 20221208 18:20:26 |
|  vox1-test-20,22  |   7.8473    |   0.4935    |    0.5568     |    0.7375     | 20221208 18:22:08 |
|  vox1-test-20,22  |   8.2291    |   0.5474    |    0.6055     |    0.7508     | 20221208 18:23:50 |
|  vox1-test-22,24  |   7.8420    |   0.5666    |    0.5799     |    0.7743     | 20221208 18:25:32 |
|  vox1-test-22,24  |   8.1230    |   0.4443    |    0.5849     |    0.7146     | 20221208 18:27:15 |
|  vox1-test-22,24  |   7.2322    |   0.4994    |    0.5782     |    0.6910     | 20221208 18:28:59 |
|  vox1-test-24,26  |   7.8844    |   0.5580    |    0.5813     |    0.7797     | 20221208 18:30:41 |
|  vox1-test-24,26  |   7.7837    |   0.4895    |    0.5774     |    0.7806     | 20221208 18:32:22 |
|  vox1-test-24,26  |   6.6384    |   0.4716    |    0.5174     |    0.7003     | 20221208 18:34:03 |
|  vox1-test-26,28  |   9.3743    |   0.5795    |    0.6248     |    0.7992     | 20221208 18:35:45 |
|  vox1-test-26,28  |   9.0032    |   0.5633    |    0.6255     |    0.8315     | 20221208 18:37:28 |
|  vox1-test-26,28  |   7.7200    |   0.5154    |    0.6035     |    0.7251     | 20221208 18:39:12 |
|  vox1-test-28,30  |   10.4242   |   0.6209    |    0.6672     |    0.8315     | 20221208 18:40:54 |
|  vox1-test-28,30  |   12.4443   |   0.6518    |    0.7459     |    0.8231     | 20221208 18:42:36 |
|  vox1-test-28,30  |   11.6384   |   0.5963    |    0.7050     |    0.8178     | 20221208 18:44:17 |
|  vox1-test-30,32  |   11.0764   |   0.6471    |    0.7246     |    0.8508     | 20221208 18:45:58 |
|  vox1-test-30,32  |   13.0912   |   0.6858    |    0.7572     |    0.8358     | 20221208 18:47:38 |
|  vox1-test-30,32  |   11.6649   |   0.6441    |    0.7274     |    0.8291     | 20221208 18:49:20 |
|  vox1-test-32,34  |   11.1506   |   0.6510    |    0.7574     |    0.8646     | 20221208 18:51:01 |
|  vox1-test-32,34  |   11.2142   |   0.6760    |    0.7235     |    0.8339     | 20221208 18:52:42 |
|  vox1-test-32,34  |   8.8388    |   0.6387    |    0.6507     |    0.7433     | 20221208 18:54:23 |
|  vox1-test-34,36  |   10.0477   |   0.6347    |    0.7296     |    0.8334     | 20221208 18:56:04 |
|  vox1-test-34,36  |   11.0445   |   0.6529    |    0.7231     |    0.8449     | 20221208 18:57:47 |
|  vox1-test-34,36  |   8.4889    |   0.6262    |    0.6080     |    0.7663     | 20221208 18:59:29 |
|  vox1-test-36,38  |   10.3393   |   0.6281    |    0.7329     |    0.8470     | 20221208 19:01:12 |
|  vox1-test-36,38  |   11.0923   |   0.6402    |    0.7127     |    0.8360     | 20221208 19:02:55 |
|  vox1-test-36,38  |   8.8123    |   0.6321    |    0.6088     |    0.8056     | 20221208 19:04:38 |
|  vox1-test-38,40  |   11.2407   |   0.6573    |    0.7510     |    0.8926     | 20221208 19:06:22 |
|  vox1-test-38,40  |   10.7794   |   0.6503    |    0.7259     |    0.8381     | 20221208 19:08:04 |
|  vox1-test-38,40  |   8.9661    |   0.6252    |    0.6101     |    0.8120     | 20221208 19:09:49 |
|  vox1-test-40,42  |   10.2863   |   0.6340    |    0.7145     |    0.8499     | 20221208 19:11:31 |
|  vox1-test-40,42  |   9.9629    |   0.6337    |    0.7513     |    0.8526     | 20221208 19:13:13 |
|  vox1-test-40,42  |   8.8600    |   0.6028    |    0.6327     |    0.7757     | 20221208 19:14:56 |
|  vox1-test-42,44  |   9.2365    |   0.6543    |    0.7122     |    0.8124     | 20221208 19:16:37 |
|  vox1-test-42,44  |   8.7911    |   0.5954    |    0.6844     |    0.7924     | 20221208 19:18:18 |
|  vox1-test-42,44  |   9.0191    |   0.5814    |    0.6444     |    0.7808     | 20221208 19:20:02 |
|  vox1-test-44,46  |   8.6850    |   0.6771    |    0.7059     |    0.8179     | 20221208 19:21:45 |
|  vox1-test-44,46  |   8.8865    |   0.6144    |    0.6717     |    0.7901     | 20221208 19:23:28 |
|  vox1-test-44,46  |   9.6978    |   0.6362    |    0.7196     |    0.8571     | 20221208 19:25:11 |
|  vox1-test-46,48  |   8.8653    |   0.6900    |    0.7243     |    0.8571     | 20221208 19:26:54 |
|  vox1-test-46,48  |   8.6373    |   0.6423    |    0.6700     |    0.7801     | 20221208 19:28:36 |
|  vox1-test-46,48  |   10.4560   |   0.6771    |    0.7716     |    0.8927     | 20221208 19:30:20 |
|  vox1-test-48,50  |   8.9661    |   0.6657    |    0.7293     |    0.8378     | 20221208 19:32:03 |
|  vox1-test-48,50  |   8.7381    |   0.6533    |    0.7019     |    0.8054     | 20221208 19:33:44 |
|  vox1-test-48,50  |   10.7264   |   0.6789    |    0.7227     |    0.8324     | 20221208 19:35:25 |
|  vox1-test-50,52  |   7.9003    |   0.6488    |    0.7006     |    0.8157     | 20221208 19:37:07 |
|  vox1-test-50,52  |   8.4358    |   0.6443    |    0.6797     |    0.7750     | 20221208 19:38:48 |
|  vox1-test-50,52  |   9.2842    |   0.6657    |    0.7131     |    0.7915     | 20221208 19:40:29 |
|  vox1-test-52,54  |   7.7041    |   0.6638    |    0.6861     |    0.7989     | 20221208 19:42:09 |
|  vox1-test-52,54  |   8.8176    |   0.6450    |    0.6986     |    0.8143     | 20221208 19:43:49 |
|  vox1-test-52,54  |   8.2238    |   0.6371    |    0.6601     |    0.7756     | 20221208 19:45:31 |
|  vox1-test-54,56  |   7.7731    |   0.6731    |    0.6768     |    0.7990     | 20221208 19:47:11 |
|  vox1-test-54,56  |   8.4093    |   0.6612    |    0.6917     |    0.7704     | 20221208 19:48:51 |
|  vox1-test-54,56  |   8.1389    |   0.6057    |    0.6276     |    0.7888     | 20221208 19:50:32 |
|  vox1-test-56,58  |   7.5822    |   0.6496    |    0.6486     |    0.7723     | 20221208 19:52:12 |
|  vox1-test-56,58  |   8.0117    |   0.6497    |    0.6731     |    0.8146     | 20221208 19:53:53 |
|  vox1-test-56,58  |   7.9905    |   0.5923    |    0.6831     |    0.8037     | 20221208 19:55:33 |
|  vox1-test-58,60  |   7.1792    |   0.6412    |    0.6077     |    0.7379     | 20221208 19:57:14 |
|  vox1-test-58,60  |   7.2269    |   0.6269    |    0.6180     |    0.7378     | 20221208 19:58:55 |
|  vox1-test-58,60  |   8.0700    |   0.6116    |    0.6836     |    0.8050     | 20221208 20:00:39 |
|  vox1-test-60,62  |   6.8770    |   0.6285    |    0.6301     |    0.7405     | 20221208 20:02:21 |
|  vox1-test-60,62  |   7.1050    |   0.6000    |    0.5920     |    0.7375     | 20221208 20:04:03 |
|  vox1-test-60,62  |   7.5451    |   0.6072    |    0.6325     |    0.7025     | 20221208 20:05:45 |
|  vox1-test-62,64  |   6.9671    |   0.6586    |    0.6234     |    0.7759     | 20221208 20:07:27 |
|  vox1-test-62,64  |   7.3489    |   0.6164    |    0.6169     |    0.8369     | 20221208 20:09:06 |
|  vox1-test-62,64  |   7.1739    |   0.5939    |    0.6062     |    0.6847     | 20221208 20:10:48 |
|  vox1-test-64,66  |   6.6649    |   0.6466    |    0.6036     |    0.7248     | 20221208 20:12:30 |
|  vox1-test-64,66  |   6.9088    |   0.6457    |    0.6002     |    0.7529     | 20221208 20:14:13 |
|  vox1-test-64,66  |   6.8399    |   0.5953    |    0.5835     |    0.7014     | 20221208 20:15:55 |
|  vox1-test-66,68  |   6.6384    |   0.6546    |    0.5908     |    0.7248     | 20221208 20:17:37 |
|  vox1-test-66,68  |   6.3362    |   0.6603    |    0.5842     |    0.7394     | 20221208 20:19:18 |
|  vox1-test-66,68  |   6.3574    |   0.5906    |    0.5569     |    0.6888     | 20221208 20:20:59 |
|  vox1-test-68,70  |   6.7232    |   0.6738    |    0.5677     |    0.6749     | 20221208 20:22:40 |
|  vox1-test-68,70  |   5.6575    |   0.6195    |    0.5392     |    0.6073     | 20221208 20:24:21 |
|  vox1-test-68,70  |   6.1400    |   0.5719    |    0.5489     |    0.6867     | 20221208 20:26:03 |
|  vox1-test-70,72  |   6.6490    |   0.6737    |    0.5569     |    0.6845     | 20221208 20:27:47 |
|  vox1-test-70,72  |   5.4454    |   0.6147    |    0.5306     |    0.6413     | 20221208 20:29:33 |
|  vox1-test-70,72  |   6.1612    |   0.5793    |    0.5310     |    0.6608     | 20221208 20:31:12 |
|  vox1-test-72,74  |   6.9088    |   0.6535    |    0.5691     |    0.6299     | 20221208 20:32:57 |
|  vox1-test-72,74  |   5.8590    |   0.6200    |    0.5415     |    0.6477     | 20221208 20:34:42 |
|  vox1-test-72,74  |   5.9703    |   0.5825    |    0.4980     |    0.6866     | 20221208 20:36:26 |
|  vox1-test-74,76  |   6.2672    |   0.5618    |    0.5144     |    0.6641     | 20221208 20:38:13 |
|  vox1-test-74,76  |   5.9385    |   0.6112    |    0.5186     |    0.6435     | 20221208 20:39:59 |
|  vox1-test-74,76  |   5.4984    |   0.5793    |    0.5064     |    0.6609     | 20221208 20:41:43 |
|  vox1-test-76,78  |   5.8802    |   0.5571    |    0.5251     |    0.7135     | 20221208 20:43:28 |
|  vox1-test-76,78  |   5.3712    |   0.5740    |    0.4933     |    0.6261     | 20221208 20:45:13 |
|  vox1-test-76,78  |   4.9046    |   0.5777    |    0.4854     |    0.5646     | 20221208 20:47:00 |
|  vox1-test-78,80  |   6.0710    |   0.5613    |    0.5580     |    0.7539     | 20221208 20:48:47 |
|  vox1-test-78,80  |   5.3659    |   0.5825    |    0.4627     |    0.5960     | 20221208 20:50:31 |
|  vox1-test-78,80  |   5.0371    |   0.5723    |    0.4691     |    0.5231     | 20221208 20:52:17 |
|  vox1-test-80,82  |   5.4878    |   0.5334    |    0.5090     |    0.6673     | 20221208 20:54:02 |
|  vox1-test-80,82  |   5.2015    |   0.5982    |    0.4594     |    0.6058     | 20221208 20:55:48 |
|  vox1-test-80,82  |   4.8993    |   0.5746    |    0.4318     |    0.5118     | 20221208 20:57:34 |
|  vox1-test-82,84  |   5.0689    |   0.4987    |    0.4488     |    0.5538     | 20221208 20:59:18 |
|  vox1-test-82,84  |   4.9046    |   0.5671    |    0.4585     |    0.5756     | 20221208 21:01:05 |
|  vox1-test-82,84  |   4.7720    |   0.5581    |    0.4219     |    0.5388     | 20221208 21:02:50 |
|  vox1-test-84,86  |   5.1432    |   0.5074    |    0.4195     |    0.5105     | 20221208 21:04:38 |
|  vox1-test-84,86  |   4.7667    |   0.5188    |    0.4260     |    0.5901     | 20221208 21:06:27 |
|  vox1-test-84,86  |   4.8144    |   0.5497    |    0.4257     |    0.5473     | 20221208 21:08:23 |
|  vox1-test-86,88  |   5.0424    |   0.5420    |    0.4112     |    0.5501     | 20221208 21:10:26 |
|  vox1-test-86,88  |   4.7084    |   0.5319    |    0.4127     |    0.5442     | 20221208 21:12:18 |
|  vox1-test-86,88  |   4.6394    |   0.5615    |    0.3920     |    0.5633     | 20221208 21:14:07 |
|  vox1-test-88,90  |   4.8515    |   0.5511    |    0.3991     |    0.5441     | 20221208 21:16:02 |
|  vox1-test-88,90  |   4.4274    |   0.5399    |    0.3744     |    0.5004     | 20221208 21:18:00 |
|  vox1-test-88,90  |   4.4592    |   0.5641    |    0.3702     |    0.5618     | 20221208 21:19:53 |
|  vox1-test-90,92  |   4.6713    |   0.5347    |    0.3981     |    0.5546     | 20221208 21:21:49 |
|  vox1-test-90,92  |   4.1994    |   0.5351    |    0.3787     |    0.5014     | 20221208 21:23:49 |
|  vox1-test-90,92  |   4.3054    |   0.5427    |    0.3877     |    0.4917     | 20221208 21:25:35 |
|  vox1-test-92,94  |   4.2524    |   0.5172    |    0.3942     |    0.5308     | 20221208 21:27:26 |
|  vox1-test-92,94  |   4.0880    |   0.4983    |    0.3695     |    0.5243     | 20221208 21:29:09 |
|  vox1-test-92,94  |   4.0244    |   0.5108    |    0.3607     |    0.4398     | 20221208 21:30:53 |
|  vox1-test-94,96  |   4.0032    |   0.4982    |    0.3810     |    0.5451     | 20221208 21:32:36 |
|  vox1-test-94,96  |   4.1516    |   0.5076    |    0.3848     |    0.5510     | 20221208 21:34:24 |
|  vox1-test-94,96  |   3.8070    |   0.5011    |    0.3573     |    0.4256     | 20221208 21:36:11 |
|  vox1-test-96,98  |   3.8653    |   0.4979    |    0.3716     |    0.5064     | 20221208 21:37:57 |
|  vox1-test-96,98  |   3.9130    |   0.5066    |    0.3903     |    0.5595     | 20221208 21:39:43 |
|  vox1-test-96,98  |   3.7487    |   0.4987    |    0.3554     |    0.4645     | 20221208 21:41:26 |
| vox1-test-98,100  |   3.7964    |   0.4894    |    0.3771     |    0.5262     | 20221208 21:43:09 |
| vox1-test-98,100  |   3.8441    |   0.4853    |    0.3656     |    0.5203     | 20221208 21:44:56 |
| vox1-test-98,100  |   3.9024    |   0.4891    |    0.3707     |    0.4158     | 20221208 21:46:42 |
| vox1-test-100,102 |   3.7328    |   0.4709    |    0.3802     |    0.4134     | 20221208 21:48:28 |
| vox1-test-100,102 |   3.8335    |   0.4674    |    0.3391     |    0.4869     | 20221208 21:50:14 |
| vox1-test-100,102 |   3.5419    |   0.5036    |    0.3370     |    0.4548     | 20221208 21:51:58 |
| vox1-test-102,104 |   3.7063    |   0.4690    |    0.3532     |    0.4661     | 20221208 21:53:41 |
| vox1-test-102,104 |   3.9236    |   0.4771    |    0.3350     |    0.4592     | 20221208 21:55:28 |
| vox1-test-102,104 |   3.3828    |   0.5048    |    0.2963     |    0.4165     | 20221208 21:57:12 |
| vox1-test-104,106 |   3.6850    |   0.4732    |    0.3444     |    0.4566     | 20221208 21:58:55 |
| vox1-test-104,106 |   3.5525    |   0.4867    |    0.3203     |    0.4716     | 20221208 22:00:39 |
| vox1-test-104,106 |   3.3086    |   0.4800    |    0.3003     |    0.3902     | 20221208 22:02:21 |
| vox1-test-106,108 |   3.7434    |   0.4800    |    0.3382     |    0.3758     | 20221208 22:04:04 |
| vox1-test-106,108 |   3.1760    |   0.4616    |    0.2960     |    0.3899     | 20221208 22:05:51 |
| vox1-test-106,108 |   3.4677    |   0.4649    |    0.3261     |    0.4555     | 20221208 22:07:38 |
| vox1-test-108,110 |   3.7063    |   0.4717    |    0.3312     |    0.4192     | 20221208 22:09:25 |
| vox1-test-108,110 |   3.2874    |   0.4589    |    0.2812     |    0.3170     | 20221208 22:11:09 |
| vox1-test-108,110 |   3.6214    |   0.4919    |    0.3209     |    0.4322     | 20221208 22:12:54 |
| vox1-test-110,112 |   3.8123    |   0.4906    |    0.3340     |    0.4162     | 20221208 22:14:41 |
| vox1-test-110,112 |   3.3934    |   0.4682    |    0.3082     |    0.3791     | 20221208 22:16:24 |
| vox1-test-110,112 |   3.3616    |   0.4895    |    0.3124     |    0.4123     | 20221208 22:18:10 |
| vox1-test-112,114 |   3.3351    |   0.4649    |    0.3187     |    0.4337     | 20221208 22:19:56 |
| vox1-test-112,114 |   3.0541    |   0.4683    |    0.2793     |    0.4395     | 20221208 22:21:40 |
| vox1-test-112,114 |   3.0117    |   0.4568    |    0.2757     |    0.3994     | 20221208 22:23:26 |
| vox1-test-114,116 |   2.9533    |   0.4050    |    0.2535     |    0.3100     | 20221208 22:25:13 |
| vox1-test-114,116 |   2.7359    |   0.4207    |    0.2520     |    0.4260     | 20221208 22:27:01 |
| vox1-test-114,116 |   2.6299    |   0.4089    |    0.2411     |    0.3679     | 20221208 22:28:45 |
| vox1-test-116,118 |   2.7519    |   0.3948    |    0.2519     |    0.3453     | 20221208 22:30:32 |
| vox1-test-116,118 |   2.8049    |   0.3735    |    0.2318     |    0.3366     | 20221208 22:32:16 |
| vox1-test-116,118 |   2.7519    |   0.4054    |    0.2494     |    0.3217     | 20221208 22:33:59 |
| vox1-test-118,120 |   2.7837    |   0.3806    |    0.2687     |    0.3517     | 20221208 22:35:44 |
| vox1-test-118,120 |   2.8632    |   0.3835    |    0.2278     |    0.3137     | 20221208 22:37:26 |
| vox1-test-118,120 |   2.8579    |   0.4188    |    0.2617     |    0.3609     | 20221208 22:39:13 |
| vox1-test-120,122 |   2.9056    |   0.3769    |    0.2607     |    0.3557     | 20221208 22:40:57 |
| vox1-test-120,122 |   2.9109    |   0.4038    |    0.2335     |    0.3679     | 20221208 22:42:44 |
| vox1-test-120,122 |   2.8473    |   0.4114    |    0.2741     |    0.3464     | 20221208 22:44:29 |
| vox1-test-122,124 |   3.0541    |   0.3842    |    0.2586     |    0.3578     | 20221208 22:46:16 |
| vox1-test-122,124 |   2.8685    |   0.4008    |    0.2421     |    0.3476     | 20221208 22:48:03 |
| vox1-test-122,124 |   2.7306    |   0.3897    |    0.2513     |    0.3489     | 20221208 22:49:46 |
| vox1-test-124,126 |   3.2821    |   0.3983    |    0.2828     |    0.3357     | 20221208 22:51:32 |
| vox1-test-124,126 |   2.9268    |   0.4092    |    0.2503     |    0.3232     | 20221208 22:53:18 |
| vox1-test-124,126 |   2.6193    |   0.3905    |    0.2656     |    0.3339     | 20221208 22:55:03 |
| vox1-test-126,128 |   3.1972    |   0.4041    |    0.2752     |    0.3411     | 20221208 22:56:51 |
| vox1-test-126,128 |   2.7784    |   0.4007    |    0.2286     |    0.3125     | 20221208 22:58:36 |
| vox1-test-126,128 |   2.6352    |   0.3878    |    0.2560     |    0.3037     | 20221208 23:00:25 |
| vox1-test-128,130 |   2.8261    |   0.3771    |    0.2341     |    0.3216     | 20221208 23:02:10 |
| vox1-test-128,130 |   2.6299    |   0.3771    |    0.2355     |    0.3205     | 20221208 23:03:55 |
| vox1-test-128,130 |   2.5504    |   0.3910    |    0.2484     |    0.3137     | 20221208 23:05:40 |
| vox1-test-130,132 |   2.5186    |   0.3648    |    0.2186     |    0.2936     | 20221208 23:07:26 |
| vox1-test-130,132 |   2.5928    |   0.3707    |    0.2307     |    0.3426     | 20221208 23:09:11 |
| vox1-test-130,132 |   2.5610    |   0.3760    |    0.2299     |    0.3057     | 20221208 23:10:55 |
| vox1-test-132,134 |   2.7996    |   0.3949    |    0.2302     |    0.3359     | 20221208 23:12:41 |
| vox1-test-132,134 |   2.5504    |   0.3618    |    0.2262     |    0.2786     | 20221208 23:14:27 |
| vox1-test-132,134 |   2.7306    |   0.3920    |    0.2541     |    0.3421     | 20221208 23:16:10 |
| vox1-test-134,136 |   2.6935    |   0.4443    |    0.2361     |    0.3486     | 20221208 23:17:51 |
| vox1-test-134,136 |   2.5398    |   0.3681    |    0.2273     |    0.2806     | 20221208 23:19:30 |
| vox1-test-134,136 |   2.6935    |   0.4036    |    0.2548     |    0.3444     | 20221208 23:21:14 |
| vox1-test-136,138 |   2.4602    |   0.4286    |    0.2441     |    0.3274     | 20221208 23:23:00 |
| vox1-test-136,138 |   2.5239    |   0.3641    |    0.2341     |    0.3356     | 20221208 23:24:45 |
| vox1-test-136,138 |   2.5981    |   0.3902    |    0.2386     |    0.3288     | 20221208 23:26:30 |
| vox1-test-138,140 |   2.3807    |   0.3955    |    0.2476     |    0.2943     | 20221208 23:28:16 |
| vox1-test-138,140 |   2.4920    |   0.3614    |    0.2306     |    0.3293     | 20221208 23:30:02 |
| vox1-test-138,140 |   2.4390    |   0.3974    |    0.2185     |    0.3176     | 20221208 23:31:48 |
| vox1-test-140,142 |   2.3966    |   0.4073    |    0.2537     |    0.3185     | 20221208 23:33:35 |
| vox1-test-140,142 |   2.6352    |   0.3838    |    0.2266     |    0.3359     | 20221208 23:35:20 |
| vox1-test-140,142 |   2.4337    |   0.4250    |    0.2127     |    0.3587     | 20221208 23:37:06 |
| vox1-test-142,144 |   2.6140    |   0.4399    |    0.2480     |    0.3726     | 20221208 23:38:50 |
| vox1-test-142,144 |   2.7784    |   0.4355    |    0.2387     |    0.3461     | 20221208 23:40:35 |
| vox1-test-142,144 |   2.5080    |   0.4564    |    0.2344     |    0.3127     | 20221208 23:42:20 |
| vox1-test-144,146 |   2.7625    |   0.4494    |    0.2646     |    0.3943     | 20221208 23:44:02 |
| vox1-test-144,146 |   2.5557    |   0.4281    |    0.2196     |    0.2841     | 20221208 23:45:48 |
| vox1-test-144,146 |   2.4973    |   0.4482    |    0.2138     |    0.3094     | 20221208 23:47:33 |
| vox1-test-146,148 |   2.5557    |   0.4130    |    0.2601     |    0.3547     | 20221208 23:49:15 |
| vox1-test-146,148 |   2.2057    |   0.3823    |    0.2236     |    0.2861     | 20221208 23:51:01 |
| vox1-test-146,148 |   2.4231    |   0.4117    |    0.2186     |    0.3018     | 20221208 23:52:45 |
| vox1-test-148,150 |   2.5451    |   0.4006    |    0.2347     |    0.3563     | 20221208 23:54:32 |
| vox1-test-148,150 |   2.2216    |   0.3778    |    0.2148     |    0.3243     | 20221208 23:56:14 |
| vox1-test-148,150 |   2.3171    |   0.3961    |    0.2181     |    0.2983     | 20221208 23:57:57 |
| vox1-test-150,152 |   2.4920    |   0.4017    |    0.2374     |    0.3495     | 20221208 23:59:40 |
| vox1-test-150,152 |   2.1792    |   0.3721    |    0.2046     |    0.3201     | 20221209 00:01:26 |
| vox1-test-150,152 |   2.1474    |   0.3900    |    0.2119     |    0.2909     | 20221209 00:03:14 |
| vox1-test-152,154 |   2.3807    |   0.3889    |    0.2218     |    0.3445     | 20221209 00:04:56 |
| vox1-test-152,154 |   2.1474    |   0.3575    |    0.1998     |    0.2845     | 20221209 00:06:43 |
| vox1-test-152,154 |   2.1474    |   0.3622    |    0.2065     |    0.2866     | 20221209 00:08:30 |
| vox1-test-154,156 |   2.2269    |   0.3441    |    0.2074     |    0.3095     | 20221209 00:10:17 |
| vox1-test-154,156 |   2.1156    |   0.3307    |    0.1905     |    0.3170     | 20221209 00:12:03 |
| vox1-test-154,156 |   2.1103    |   0.3231    |    0.2019     |    0.2739     | 20221209 00:13:52 |
| vox1-test-156,158 |   2.1686    |   0.3036    |    0.1922     |    0.2848     | 20221209 00:15:39 |
| vox1-test-156,158 |   2.0573    |   0.3051    |    0.1846     |    0.3183     | 20221209 00:17:25 |
| vox1-test-156,158 |   2.1792    |   0.3062    |    0.1940     |    0.2716     | 20221209 00:19:12 |
| vox1-test-158,160 |   2.1580    |   0.2979    |    0.1922     |    0.3371     | 20221209 00:21:01 |
| vox1-test-158,160 |   1.9883    |   0.2979    |    0.1941     |    0.3330     | 20221209 00:22:47 |
| vox1-test-158,160 |   2.1262    |   0.3005    |    0.1894     |    0.3047     | 20221209 00:24:33 |
| vox1-test-160,162 |   2.1686    |   0.2936    |    0.2008     |    0.3245     | 20221209 00:26:19 |
| vox1-test-160,162 |   2.0148    |   0.2941    |    0.1925     |    0.3117     | 20221209 00:28:05 |
| vox1-test-160,162 |   2.0414    |   0.2938    |    0.1886     |    0.3014     | 20221209 00:29:49 |